0 11 28
10 21 58
20 32 88
30 41 118
40 51 148
50 62 178
60 71 208
70 81 238
80 93 268
90 101 298
100 111 328
110 122 358
120 132 388
130 141 418
140 152 448
150 161 478
160 171 508
170 183 538
180 191 568
190 201 598
200 212 628
210 221 658
220 231 688
230 242 718
240 251 748
250 262 778
260 273 808
270 281 838
280 291 868
290 302 898
300 311 928
310 321 958
320 332 988
330 341 1018
340 351 1048
350 363 1078
360 371 1108
370 381 1138
380 394 1168
390 401 1198
400 411 1228
410 422 1258
420 431 1288
430 441 1318
440 453 1348
450 461 1378
460 471 1408
470 482 1438
480 491 1468
490 501 1498
500 512 1528
