0 0 1
10 100 199
20 400 799
30 912 1799
40 1615 3199
50 2520 4999
60 3621 7199
70 4929 9799
80 6456 12799
90 8173 16199
100 10096 19999
110 12195 24199
120 14422 28799
130 17033 33799
140 19792 39199
150 22697 44999
160 25833 51199
170 29041 57799
180 32752 64799
190 36269 72199
200 40388 79999
210 44500 88199
220 48586 96799
230 53219 105799
240 57905 115199
250 62829 124999
260 67851 135199
270 73215 145799
280 79032 156799
290 84514 168199
300 90572 179999
310 97026 192199
320 103220 204799
330 109185 217799
340 116704 231199
350 123325 244999
360 130362 259199
370 137111 273799
380 145382 288799
390 153619 304199
400 160628 319999
410 169086 336199
420 177516 352799
430 185850 369799
440 195384 387199
450 204005 404999
460 213569 423199
470 221854 441799
480 232092 460799
490 241111 480199
500 252992 499999
