0 0 3
10 9 37
20 19 77
30 29 117
40 39 157
50 49 199
60 59 238
70 69 278
80 79 318
90 89 357
100 102 397
110 109 439
120 122 477
130 129 510
140 142 557
150 149 595
160 162 635
170 169 679
180 182 713
190 189 755
200 199 795
210 209 839
220 219 874
230 232 915
240 242 955
250 249 997
260 262 1034
270 269 1079
280 279 1116
290 289 1157
300 302 1194
310 312 1230
320 322 1274
330 332 1317
340 339 1359
350 349 1399
360 362 1436
370 369 1479
380 382 1516
390 389 1558
400 402 1594
410 409 1637
420 425 1670
430 429 1709
440 439 1758
450 449 1799
460 462 1834
470 469 1872
480 479 1919
490 489 1959
500 499 1997
